ElMaxPlugin
	Version 100
SkeletalAnimList
	NumBones 74
	Frame 0 0
		BoneID 0
			1.0000 0.0000 0.0000
			-0.0000 1.0000 0.0000
			-0.0000 -0.0000 1.0000
			-0.2257 0.0492 1.3769
		BoneID 1
			1.0000 0.0000 0.0000
			0.0000 1.0000 0.0000
			0.0000 0.0000 1.0000
			-0.0772 0.0000 2.9535
		BoneID 2
			1.0000 0.0000 0.0000
			0.0000 1.0000 0.0000
			0.0000 0.0000 1.0000
			0.0000 0.0000 0.0000
		BoneID 3
			1.0000 0.0000 0.0000
			0.0000 1.0000 0.0000
			0.0000 0.0000 1.0000
			-0.0567 0.0000 2.3485
		BoneID 4
			1.0000 0.0000 0.0000
			0.0000 1.0000 0.0000
			0.0000 0.0000 1.0000
			0.0000 0.0000 0.0000
		BoneID 5
			1.0000 0.0000 0.0000
			0.0000 1.0000 0.0000
			0.0000 0.0000 1.0000
			0.0000 0.0000 0.0000
		BoneID 6
			1.0000 0.0000 0.0000
			0.0000 1.0000 0.0000
			0.0000 0.0000 1.0000
			0.0000 0.0000 0.0000
		BoneID 7
			1.0000 0.0000 0.0000
			0.0000 1.0000 0.0000
			0.0000 0.0000 1.0000
			0.0000 0.0000 0.0000
		BoneID 8
			1.0000 0.0000 0.0000
			0.0000 1.0000 0.0000
			0.0000 0.0000 1.0000
			-0.5122 0.1857 0.0000
		BoneID 9
			1.0000 0.0000 0.0000
			0.0000 1.0000 0.0000
			0.0000 0.0000 1.0000
			-0.5001 -0.2541 0.0000
		BoneID 10
			1.0000 0.0000 0.0000
			0.0000 1.0000 0.0000
			0.0000 0.0000 1.0000
			-0.1280 -0.2145 0.0000
		BoneID 11
			1.0000 0.0000 0.0000
			0.0000 1.0000 0.0000
			0.0000 0.0000 1.0000
			-0.0830 0.2058 0.0000
		BoneID 12
			1.0000 0.0000 0.0000
			0.0000 1.0000 0.0000
			0.0000 0.0000 1.0000
			-0.8506 -0.2541 0.0000
		BoneID 13
			1.0000 0.0000 0.0000
			0.0000 1.0000 0.0000
			0.0000 0.0000 1.0000
			-0.7396 0.3031 0.0000
		BoneID 14
			1.0000 0.0000 0.0000
			0.0000 1.0000 0.0000
			0.0000 0.0000 1.0000
			0.0000 0.0000 0.0000
		BoneID 15
			1.0000 0.0000 0.0000
			0.0000 1.0000 0.0000
			0.0000 0.0000 1.0000
			0.0000 0.0000 0.0000
		BoneID 16
			1.0000 0.0000 0.0000
			0.0000 1.0000 0.0000
			0.0000 0.0000 1.0000
			0.0000 0.0000 0.0000
		BoneID 17
			0.9489 -0.1621 -0.2708
			0.1684 0.9857 0.0000
			0.2669 -0.0456 0.9626
			-0.0308 0.0000 -0.0303
		BoneID 18
			0.9825 -0.0860 0.1650
			0.0872 0.9962 0.0000
			-0.1644 0.0144 0.9863
			-0.0228 0.0000 -0.0605
		BoneID 19
			0.9638 -0.0991 -0.2474
			0.1022 0.9948 -0.0000
			0.2461 -0.0253 0.9689
			-0.0370 -0.0000 0.2163
		BoneID 20
			0.9587 -0.0747 0.2743
			0.0402 0.9908 0.1294
			-0.2815 -0.1130 0.9529
			0.0119 0.1246 -0.0542
		BoneID 21
			0.9786 0.0524 -0.1988
			-0.0827 0.9856 -0.1474
			0.1882 0.1607 0.9689
			0.0138 -0.1242 -0.0545
		BoneID 22
			0.9829 -0.1733 -0.0627
			0.1736 0.9848 -0.0000
			0.0618 -0.0109 0.9980
			-0.2026 0.0000 -0.0534
		BoneID 23
			1.0000 -0.0000 0.0000
			-0.0000 1.0000 -0.0000
			0.0000 -0.0000 1.0000
			0.0000 0.0034 -0.0034
		BoneID 24
			0.9766 0.1464 0.1575
			-0.1904 0.9290 0.3172
			-0.0999 -0.3398 0.9352
			-0.0273 0.2778 0.3298
		BoneID 25
			0.9560 -0.0814 0.2817
			0.1773 0.9256 -0.3344
			-0.2335 0.3697 0.8993
			-0.0273 -0.2778 0.3298
		BoneID 26
			0.9179 0.0000 0.3968
			-0.0000 1.0000 -0.0000
			-0.3968 -0.0000 0.9179
			-0.0538 -0.0000 0.4927
		BoneID 27
			0.9925 0.0151 -0.1209
			-0.0198 0.9991 -0.0382
			0.1202 0.0403 0.9919
			0.0354 0.0968 -0.5558
		BoneID 28
			0.9859 -0.0181 -0.1661
			0.0272 0.9983 0.0525
			0.1648 -0.0563 0.9847
			0.0399 -0.0990 -0.5575
		BoneID 29
			0.9885 -0.1375 -0.0627
			0.1378 0.9905 -0.0000
			0.0621 -0.0086 0.9980
			-0.1897 0.0000 -0.0251
		BoneID 30
			1.0000 -0.0000 -0.0000
			-0.0000 1.0000 -0.0000
			-0.0000 -0.0000 1.0000
			0.1397 -0.0016 0.1976
		BoneID 31
			1.0000 -0.0000 -0.0000
			-0.0000 1.0000 -0.0000
			-0.0000 -0.0000 1.0000
			-0.1878 0.0087 0.2360
		BoneID 32
			1.0000 -0.0000 -0.0000
			-0.0000 1.0000 -0.0000
			-0.0000 -0.0000 1.0000
			0.1797 -0.0000 0.2079
		BoneID 33
			0.6513 0.0971 0.7526
			0.3297 0.8570 -0.3960
			-0.6834 0.5061 0.5261
			-0.0239 0.1443 -0.4226
		BoneID 34
			0.6699 -0.1267 0.7316
			-0.2647 0.8799 0.3947
			-0.6937 -0.4580 0.5559
			-0.0299 -0.1395 -0.4273
		BoneID 35
			0.9571 0.2834 0.0602
			-0.2846 0.9586 0.0115
			-0.0545 -0.0281 0.9981
			0.0502 -0.0000 0.0790
		BoneID 36
			0.9954 -0.0063 0.0955
			0.0076 0.9999 -0.0134
			-0.0954 0.0141 0.9953
			-0.2329 -0.0054 -0.1710
		BoneID 37
			0.9930 0.0024 0.1185
			-0.0067 0.9993 0.0366
			-0.1183 -0.0372 0.9923
			-0.2341 -0.0065 -0.1691
		BoneID 38
			0.9950 -0.0773 -0.0627
			0.0774 0.9970 -0.0000
			0.0625 -0.0049 0.9980
			-0.2239 0.0000 -0.1485
		BoneID 39
			1.0000 -0.0000 -0.0000
			-0.0000 1.0000 -0.0000
			-0.0000 -0.0000 1.0000
			0.0000 0.0000 0.0000
		BoneID 40
			0.9661 -0.2493 0.0673
			0.2258 0.9419 0.2486
			-0.1253 -0.2250 0.9663
			0.0902 0.0882 -0.4272
		BoneID 41
			0.9534 0.2883 -0.0890
			-0.3017 0.9049 -0.3002
			-0.0061 0.3130 0.9497
			0.0651 -0.0893 -0.4217
		BoneID 42
			0.9233 0.0016 -0.3842
			0.0448 0.9927 0.1118
			0.3815 -0.1204 0.9165
			-0.1585 0.0000 -0.0435
		BoneID 43
			1.0000 -0.0000 -0.0000
			-0.0000 1.0000 -0.0000
			-0.0000 -0.0000 1.0000
			0.0699 0.0000 -0.0085
		BoneID 44
			0.9026 0.1153 -0.4148
			-0.1386 0.9900 -0.0264
			0.4076 0.0813 0.9095
			0.0392 0.0259 -0.3609
		BoneID 45
			0.9927 -0.0977 0.0714
			0.0921 0.9927 0.0779
			-0.0785 -0.0708 0.9944
			0.0339 -0.0120 -0.3609
		BoneID 46
			0.9890 0.1338 -0.0627
			-0.1340 0.9910 0.0000
			0.0622 0.0084 0.9980
			-0.1760 -0.0000 -0.2171
		BoneID 47
			1.0000 -0.0000 -0.0000
			-0.0000 1.0000 -0.0000
			-0.0000 -0.0000 1.0000
			0.1281 -0.0000 -0.0461
		BoneID 48
			1.0000 -0.0000 -0.0000
			-0.0000 1.0000 -0.0000
			-0.0000 -0.0000 1.0000
			0.0000 0.0000 0.0000
		BoneID 49
			0.9949 0.0808 0.0602
			-0.0895 0.9832 0.1590
			-0.0463 -0.1636 0.9854
			0.1555 -0.0270 -0.2158
		BoneID 50
			0.9996 -0.0278 -0.0061
			0.0268 0.9908 -0.1329
			0.0097 0.1327 0.9911
			0.0803 0.0111 -0.2557
		BoneID 51
			0.9937 0.1117 -0.0096
			-0.1049 0.8960 -0.4316
			-0.0396 0.4298 0.9020
			-0.0828 0.0247 -0.2599
		BoneID 52
			0.9770 -0.1712 -0.1274
			0.1215 0.9370 -0.3275
			0.1755 0.3045 0.9362
			0.0031 0.0146 -0.2689
		BoneID 53
			0.6547 -0.2975 0.6949
			0.4784 0.8748 -0.0761
			-0.5852 0.3822 0.7151
			0.1121 -0.1158 -0.1510
		BoneID 54
			0.9705 0.0499 -0.2360
			-0.1095 0.9629 -0.2467
			0.2150 0.2653 0.9399
			0.1747 0.0054 -0.2168
		BoneID 55
			0.9761 0.1386 -0.1675
			-0.1208 0.9863 0.1124
			0.1808 -0.0895 0.9795
			0.1048 -0.0128 -0.2549
		BoneID 56
			0.9920 -0.1200 -0.0399
			0.1200 0.7933 0.5968
			-0.0399 -0.5968 0.8014
			-0.0590 -0.0128 -0.2657
		BoneID 57
			0.9973 0.0462 -0.0572
			-0.0195 0.9165 0.3995
			0.0709 -0.3973 0.9149
			0.0287 -0.0228 -0.2674
		BoneID 58
			0.6959 0.4273 0.5772
			-0.4929 0.8687 -0.0487
			-0.5222 -0.2506 0.8152
			0.1427 0.1072 -0.1522
		BoneID 59
			0.9970 -0.0026 0.0778
			-0.0000 0.9994 0.0336
			-0.0778 -0.0335 0.9964
			-0.1166 0.0000 -0.1621
		BoneID 60
			0.9455 -0.0107 -0.3254
			-0.0000 0.9995 -0.0329
			0.3256 0.0312 0.9450
			0.0768 0.0000 -0.0711
		BoneID 61
			0.9295 0.3650 -0.0523
			-0.3655 0.9308 0.0000
			0.0487 0.0191 0.9986
			-0.2079 -0.0000 -0.2788
		BoneID 62
			1.0000 -0.0000 -0.0000
			-0.0000 1.0000 -0.0000
			-0.0000 -0.0000 1.0000
			0.0905 0.0761 -0.2305
		BoneID 63
			1.0000 -0.0000 0.0000
			-0.0000 1.0000 0.0000
			0.0000 0.0000 1.0000
			0.0470 -0.0796 -0.2298
		BoneID 64
			1.0000 -0.0000 0.0000
			-0.0000 1.0000 0.0000
			0.0000 0.0000 1.0000
			0.1428 -0.0796 -0.2298
		BoneID 65
			1.0000 -0.0000 -0.0000
			-0.0000 1.0000 -0.0000
			-0.0000 -0.0000 1.0000
			0.0905 0.0761 -0.2305
		BoneID 66
			1.0000 -0.0000 -0.0000
			-0.0000 1.0000 -0.0000
			-0.0000 -0.0000 1.0000
			0.0905 0.0761 -0.2305
		BoneID 67
			1.0000 -0.0000 0.0000
			-0.0000 1.0000 0.0000
			0.0000 0.0000 1.0000
			0.0595 -0.0796 -0.2298
		BoneID 68
			1.0000 -0.0000 -0.0000
			-0.0000 1.0000 -0.0000
			-0.0000 -0.0000 1.0000
			0.0905 0.0761 -0.2305
		BoneID 69
			0.9974 0.0054 0.0714
			0.0000 0.9971 -0.0756
			-0.0716 0.0754 0.9946
			-0.0376 0.0000 -0.2569
		BoneID 70
			0.9272 0.0111 0.3744
			-0.0000 0.9996 -0.0297
			-0.3746 0.0276 0.9268
			0.1047 0.0000 -0.2371
		BoneID 71
			0.9445 0.3244 -0.0523
			-0.3249 0.9458 0.0000
			0.0495 0.0170 0.9986
			-0.2559 -0.0000 -0.1805
		BoneID 72
			1.0000 -0.0000 -0.0000
			-0.0000 1.0000 -0.0000
			-0.0000 -0.0000 1.0000
			0.0000 0.0000 0.0000
		BoneID 73
			0.9812 0.1826 -0.0627
			-0.1830 0.9831 0.0000
			0.0617 0.0115 0.9980
			-0.2948 0.0000 -0.0914
	Frame 1 192
		BoneID 0
			1.0000 0.0000 0.0000
			-0.0000 1.0000 0.0000
			-0.0000 -0.0000 1.0000
			-0.2117 0.0492 1.3570
		BoneID 1
			1.0000 0.0000 0.0000
			0.0000 1.0000 0.0000
			0.0000 0.0000 1.0000
			-0.0772 0.0000 2.9535
		BoneID 2
			1.0000 0.0000 0.0000
			0.0000 1.0000 0.0000
			0.0000 0.0000 1.0000
			0.0000 0.0000 0.0000
		BoneID 3
			1.0000 0.0000 0.0000
			0.0000 1.0000 0.0000
			0.0000 0.0000 1.0000
			-0.0567 0.0000 2.3485
		BoneID 4
			1.0000 0.0000 0.0000
			0.0000 1.0000 0.0000
			0.0000 0.0000 1.0000
			0.0000 0.0000 0.0000
		BoneID 5
			1.0000 0.0000 0.0000
			0.0000 1.0000 0.0000
			0.0000 0.0000 1.0000
			0.0000 0.0000 0.0000
		BoneID 6
			1.0000 0.0000 0.0000
			0.0000 1.0000 0.0000
			0.0000 0.0000 1.0000
			0.0000 0.0000 0.0000
		BoneID 7
			1.0000 0.0000 0.0000
			0.0000 1.0000 0.0000
			0.0000 0.0000 1.0000
			0.0000 0.0000 0.0000
		BoneID 8
			1.0000 0.0000 0.0000
			0.0000 1.0000 0.0000
			0.0000 0.0000 1.0000
			-0.5122 0.1857 0.0000
		BoneID 9
			1.0000 0.0000 0.0000
			0.0000 1.0000 0.0000
			0.0000 0.0000 1.0000
			-0.5001 -0.2541 0.0000
		BoneID 10
			1.0000 0.0000 0.0000
			0.0000 1.0000 0.0000
			0.0000 0.0000 1.0000
			-0.1280 -0.2145 0.0000
		BoneID 11
			1.0000 0.0000 0.0000
			0.0000 1.0000 0.0000
			0.0000 0.0000 1.0000
			-0.0830 0.2058 0.0000
		BoneID 12
			1.0000 0.0000 0.0000
			0.0000 1.0000 0.0000
			0.0000 0.0000 1.0000
			-0.8506 -0.2541 0.0000
		BoneID 13
			1.0000 0.0000 0.0000
			0.0000 1.0000 0.0000
			0.0000 0.0000 1.0000
			-0.7396 0.3031 0.0000
		BoneID 14
			1.0000 0.0000 0.0000
			0.0000 1.0000 0.0000
			0.0000 0.0000 1.0000
			0.0000 0.0000 0.0000
		BoneID 15
			1.0000 0.0000 0.0000
			0.0000 1.0000 0.0000
			0.0000 0.0000 1.0000
			0.0000 0.0000 0.0000
		BoneID 16
			1.0000 0.0000 0.0000
			0.0000 1.0000 0.0000
			0.0000 0.0000 1.0000
			0.0000 0.0000 0.0000
		BoneID 17
			0.9395 -0.1860 -0.2876
			0.1942 0.9810 -0.0000
			0.2821 -0.0558 0.9577
			-0.0308 0.0000 -0.0303
		BoneID 18
			0.9849 -0.0698 0.1586
			0.0707 0.9975 -0.0000
			-0.1582 0.0112 0.9873
			-0.0228 0.0000 -0.0605
		BoneID 19
			0.9597 -0.1147 -0.2567
			0.1186 0.9929 -0.0000
			0.2549 -0.0305 0.9665
			-0.0370 -0.0000 0.2163
		BoneID 20
			0.9508 -0.0815 0.2988
			0.0385 0.9884 0.1471
			-0.3073 -0.1284 0.9429
			0.0119 0.1246 -0.0542
		BoneID 21
			0.9781 0.0568 -0.2001
			-0.0900 0.9829 -0.1608
			0.1876 0.1753 0.9665
			0.0138 -0.1242 -0.0545
		BoneID 22
			0.9836 -0.1692 -0.0627
			0.1696 0.9855 -0.0000
			0.0618 -0.0106 0.9980
			-0.2026 0.0000 -0.0534
		BoneID 23
			1.0000 -0.0000 0.0000
			-0.0000 1.0000 0.0000
			0.0000 0.0000 1.0000
			0.0000 0.0034 -0.0034
		BoneID 24
			0.9716 0.1690 0.1656
			-0.2181 0.9113 0.3492
			-0.0918 -0.3754 0.9223
			-0.0273 0.2778 0.3298
		BoneID 25
			0.9453 -0.1480 0.2906
			0.2437 0.9127 -0.3279
			-0.2167 0.3808 0.8989
			-0.0273 -0.2778 0.3298
		BoneID 26
			0.9000 -0.0000 0.4358
			0.0000 1.0000 0.0000
			-0.4358 0.0000 0.9000
			-0.0538 0.0000 0.4927
		BoneID 27
			0.9763 0.0217 -0.2153
			-0.0372 0.9970 -0.0678
			0.2132 0.0742 0.9742
			0.0354 0.0968 -0.5558
		BoneID 28
			0.9736 -0.0208 -0.2275
			0.0381 0.9967 0.0719
			0.2253 -0.0787 0.9711
			0.0399 -0.0990 -0.5575
		BoneID 29
			0.9883 -0.1389 -0.0627
			0.1392 0.9903 0.0000
			0.0621 -0.0087 0.9980
			-0.1897 -0.0000 -0.0251
		BoneID 30
			1.0000 0.0000 -0.0000
			0.0000 1.0000 0.0000
			-0.0000 0.0000 1.0000
			0.1397 -0.0016 0.1976
		BoneID 31
			1.0000 0.0000 -0.0000
			0.0000 1.0000 0.0000
			-0.0000 0.0000 1.0000
			-0.1878 0.0087 0.2360
		BoneID 32
			1.0000 0.0000 -0.0000
			0.0000 1.0000 0.0000
			-0.0000 0.0000 1.0000
			0.1797 0.0000 0.2079
		BoneID 33
			0.6223 0.1202 0.7735
			0.3471 0.8434 -0.4102
			-0.7017 0.5237 0.4831
			-0.0239 0.1443 -0.4226
		BoneID 34
			0.6554 -0.1385 0.7425
			-0.2714 0.8742 0.4027
			-0.7048 -0.4654 0.5354
			-0.0299 -0.1395 -0.4273
		BoneID 35
			0.9569 0.2892 0.0273
			-0.2900 0.9565 0.0321
			-0.0168 -0.0387 0.9991
			0.0502 -0.0000 0.0790
		BoneID 36
			0.9853 -0.0083 0.1703
			0.0126 0.9996 -0.0239
			-0.1701 0.0257 0.9851
			-0.2329 -0.0054 -0.1710
		BoneID 37
			0.9867 0.0006 0.1625
			-0.0089 0.9987 0.0503
			-0.1622 -0.0511 0.9854
			-0.2341 -0.0065 -0.1691
		BoneID 38
			0.9944 -0.0853 -0.0627
			0.0855 0.9963 -0.0000
			0.0625 -0.0054 0.9980
			-0.2239 0.0000 -0.1485
		BoneID 39
			1.0000 0.0000 -0.0000
			0.0000 1.0000 0.0000
			-0.0000 0.0000 1.0000
			0.0000 0.0000 0.0000
		BoneID 40
			0.9637 -0.2614 0.0540
			0.2339 0.9245 0.3009
			-0.1286 -0.2774 0.9521
			0.0902 0.0882 -0.4272
		BoneID 41
			0.9668 0.2484 -0.0595
			-0.2546 0.9180 -0.3041
			-0.0209 0.3092 0.9508
			0.0651 -0.0893 -0.4217
		BoneID 42
			0.9217 -0.0074 -0.3878
			0.0553 0.9921 0.1126
			0.3839 -0.1252 0.9149
			-0.1585 0.0000 -0.0435
		BoneID 43
			1.0000 -0.0000 0.0000
			-0.0000 1.0000 0.0000
			0.0000 0.0000 1.0000
			0.0699 0.0000 -0.0085
		BoneID 44
			0.9054 0.1008 -0.4124
			-0.1143 0.9934 -0.0081
			0.4089 0.0545 0.9110
			0.0392 0.0259 -0.3609
		BoneID 45
			0.9899 -0.1044 0.0964
			0.0986 0.9931 0.0628
			-0.1022 -0.0526 0.9934
			0.0339 -0.0120 -0.3609
		BoneID 46
			0.9911 0.1176 -0.0627
			-0.1179 0.9930 0.0000
			0.0623 0.0074 0.9980
			-0.1760 -0.0000 -0.2171
		BoneID 47
			1.0000 -0.0000 0.0000
			-0.0000 1.0000 0.0000
			0.0000 0.0000 1.0000
			0.1281 -0.0000 -0.0461
		BoneID 48
			1.0000 -0.0000 0.0000
			-0.0000 1.0000 0.0000
			0.0000 0.0000 1.0000
			0.0000 0.0000 0.0000
		BoneID 49
			0.9944 0.0833 0.0649
			-0.0928 0.9826 0.1608
			-0.0503 -0.1659 0.9848
			0.1555 -0.0270 -0.2158
		BoneID 50
			0.9996 -0.0259 -0.0056
			0.0249 0.9914 -0.1282
			0.0089 0.1280 0.9917
			0.0803 0.0111 -0.2557
		BoneID 51
			0.9939 0.1083 -0.0206
			-0.1064 0.8927 -0.4379
			-0.0291 0.4374 0.8988
			-0.0828 0.0247 -0.2599
		BoneID 52
			0.9770 -0.1714 -0.1268
			0.1214 0.9362 -0.3298
			0.1752 0.3068 0.9355
			0.0031 0.0146 -0.2689
		BoneID 53
			0.6534 -0.2942 0.6975
			0.4790 0.8741 -0.0801
			-0.5862 0.3865 0.7121
			0.1121 -0.1158 -0.1510
		BoneID 54
			0.9705 0.0499 -0.2360
			-0.1095 0.9629 -0.2467
			0.2150 0.2653 0.9399
			0.1747 0.0054 -0.2168
		BoneID 55
			0.9761 0.1386 -0.1675
			-0.1208 0.9863 0.1124
			0.1808 -0.0895 0.9795
			0.1048 -0.0128 -0.2549
		BoneID 56
			0.9920 -0.1200 -0.0399
			0.1200 0.7933 0.5968
			-0.0399 -0.5968 0.8014
			-0.0590 -0.0128 -0.2657
		BoneID 57
			0.9973 0.0462 -0.0572
			-0.0195 0.9165 0.3995
			0.0709 -0.3973 0.9149
			0.0287 -0.0228 -0.2674
		BoneID 58
			0.6959 0.4273 0.5772
			-0.4929 0.8687 -0.0487
			-0.5222 -0.2506 0.8152
			0.1427 0.1072 -0.1522
		BoneID 59
			0.9971 -0.0116 0.0750
			0.0085 0.9991 0.0419
			-0.0754 -0.0412 0.9963
			-0.1166 -0.0000 -0.1621
		BoneID 60
			0.9460 -0.0117 -0.3241
			0.0041 0.9997 -0.0242
			0.3242 0.0215 0.9457
			0.0768 0.0000 -0.0711
		BoneID 61
			0.9374 0.3442 -0.0523
			-0.3447 0.9387 0.0000
			0.0491 0.0180 0.9986
			-0.2079 -0.0000 -0.2788
		BoneID 62
			1.0000 -0.0000 0.0000
			-0.0000 1.0000 -0.0000
			0.0000 -0.0000 1.0000
			0.0905 0.0761 -0.2305
		BoneID 63
			1.0000 0.0000 -0.0000
			0.0000 1.0000 -0.0000
			-0.0000 -0.0000 1.0000
			0.0470 -0.0796 -0.2298
		BoneID 64
			1.0000 0.0000 -0.0000
			0.0000 1.0000 -0.0000
			-0.0000 -0.0000 1.0000
			0.1428 -0.0796 -0.2298
		BoneID 65
			1.0000 -0.0000 0.0000
			-0.0000 1.0000 -0.0000
			0.0000 -0.0000 1.0000
			0.0905 0.0761 -0.2305
		BoneID 66
			1.0000 -0.0000 0.0000
			-0.0000 1.0000 -0.0000
			0.0000 -0.0000 1.0000
			0.0905 0.0761 -0.2305
		BoneID 67
			1.0000 0.0000 -0.0000
			0.0000 1.0000 -0.0000
			-0.0000 -0.0000 1.0000
			0.0595 -0.0796 -0.2298
		BoneID 68
			1.0000 -0.0000 0.0000
			-0.0000 1.0000 -0.0000
			0.0000 -0.0000 1.0000
			0.0905 0.0761 -0.2305
		BoneID 69
			0.9976 -0.0038 0.0696
			0.0085 0.9977 -0.0672
			-0.0692 0.0677 0.9953
			-0.0376 -0.0000 -0.2569
		BoneID 70
			0.9285 0.0042 0.3714
			0.0042 0.9998 -0.0218
			-0.3714 0.0218 0.9282
			0.1047 -0.0000 -0.2371
		BoneID 71
			0.9505 0.3064 -0.0523
			-0.3068 0.9518 0.0000
			0.0498 0.0161 0.9986
			-0.2559 -0.0000 -0.1805
		BoneID 72
			1.0000 -0.0000 0.0000
			-0.0000 1.0000 -0.0000
			0.0000 -0.0000 1.0000
			0.0000 0.0000 0.0000
		BoneID 73
			0.9837 0.1685 -0.0627
			-0.1688 0.9856 0.0000
			0.0618 0.0106 0.9980
			-0.2948 -0.0000 -0.0914
	Frame 2 384
		BoneID 0
			1.0000 0.0000 0.0000
			-0.0000 1.0000 0.0000
			-0.0000 -0.0000 1.0000
			-0.1755 0.0492 1.3074
		BoneID 1
			1.0000 0.0000 0.0000
			0.0000 1.0000 0.0000
			0.0000 0.0000 1.0000
			-0.0772 0.0000 2.9535
		BoneID 2
			1.0000 0.0000 0.0000
			0.0000 1.0000 0.0000
			0.0000 0.0000 1.0000
			0.0000 0.0000 0.0000
		BoneID 3
			1.0000 0.0000 0.0000
			0.0000 1.0000 0.0000
			0.0000 0.0000 1.0000
			-0.0567 0.0000 2.3485
		BoneID 4
			1.0000 0.0000 0.0000
			0.0000 1.0000 0.0000
			0.0000 0.0000 1.0000
			0.0000 0.0000 0.0000
		BoneID 5
			1.0000 0.0000 0.0000
			0.0000 1.0000 0.0000
			0.0000 0.0000 1.0000
			0.0000 0.0000 0.0000
		BoneID 6
			1.0000 0.0000 0.0000
			0.0000 1.0000 0.0000
			0.0000 0.0000 1.0000
			0.0000 0.0000 0.0000
		BoneID 7
			1.0000 0.0000 0.0000
			0.0000 1.0000 0.0000
			0.0000 0.0000 1.0000
			0.0000 0.0000 0.0000
		BoneID 8
			1.0000 0.0000 0.0000
			0.0000 1.0000 0.0000
			0.0000 0.0000 1.0000
			-0.5122 0.1857 0.0000
		BoneID 9
			1.0000 0.0000 0.0000
			0.0000 1.0000 0.0000
			0.0000 0.0000 1.0000
			-0.5001 -0.2541 0.0000
		BoneID 10
			1.0000 0.0000 0.0000
			0.0000 1.0000 0.0000
			0.0000 0.0000 1.0000
			-0.1280 -0.2145 0.0000
		BoneID 11
			1.0000 0.0000 0.0000
			0.0000 1.0000 0.0000
			0.0000 0.0000 1.0000
			-0.0830 0.2058 0.0000
		BoneID 12
			1.0000 0.0000 0.0000
			0.0000 1.0000 0.0000
			0.0000 0.0000 1.0000
			-0.8506 -0.2541 0.0000
		BoneID 13
			1.0000 0.0000 0.0000
			0.0000 1.0000 0.0000
			0.0000 0.0000 1.0000
			-0.7396 0.3031 0.0000
		BoneID 14
			1.0000 0.0000 0.0000
			0.0000 1.0000 0.0000
			0.0000 0.0000 1.0000
			0.0000 0.0000 0.0000
		BoneID 15
			1.0000 0.0000 0.0000
			0.0000 1.0000 0.0000
			0.0000 0.0000 1.0000
			0.0000 0.0000 0.0000
		BoneID 16
			1.0000 0.0000 0.0000
			0.0000 1.0000 0.0000
			0.0000 0.0000 1.0000
			0.0000 0.0000 0.0000
		BoneID 17
			0.8650 -0.3152 -0.3904
			0.3423 0.9396 0.0000
			0.3668 -0.1337 0.9206
			-0.0308 0.0000 -0.0303
		BoneID 18
			0.9924 0.0360 0.1173
			-0.0363 0.9993 -0.0003
			-0.1172 -0.0040 0.9931
			-0.0228 0.0000 -0.0605
		BoneID 19
			0.9248 -0.2093 -0.3178
			0.2208 0.9753 -0.0000
			0.3099 -0.0701 0.9482
			-0.0370 -0.0000 0.2163
		BoneID 20
			0.9112 -0.1161 0.3954
			0.0259 0.9737 0.2263
			-0.4113 -0.1960 0.8902
			0.0119 0.1246 -0.0542
		BoneID 21
			0.9666 0.0647 -0.2479
			-0.1167 0.9725 -0.2014
			0.2281 0.2236 0.9476
			0.0138 -0.1242 -0.0545
		BoneID 22
			0.9861 -0.1537 -0.0627
			0.1540 0.9881 -0.0000
			0.0620 -0.0097 0.9980
			-0.2026 0.0000 -0.0534
		BoneID 23
			1.0000 -0.0000 0.0000
			-0.0000 1.0000 -0.0000
			0.0000 -0.0000 1.0000
			0.0000 0.0034 -0.0034
		BoneID 24
			0.9158 0.2773 0.2904
			-0.3935 0.7636 0.5119
			-0.0798 -0.5831 0.8085
			-0.0273 0.2778 0.3298
		BoneID 25
			0.7522 -0.4719 0.4599
			0.5897 0.7935 -0.1504
			-0.2939 0.3844 0.8751
			-0.0273 -0.2778 0.3298
		BoneID 26
			0.7486 -0.0000 0.6630
			-0.0000 1.0000 -0.0000
			-0.6630 -0.0000 0.7486
			-0.0538 -0.0000 0.4927
		BoneID 27
			0.7787 -0.0173 -0.6272
			-0.1396 0.9698 -0.2000
			0.6117 0.2432 0.7528
			0.0354 0.0968 -0.5558
		BoneID 28
			0.8742 -0.0040 -0.4855
			0.0908 0.9837 0.1553
			0.4770 -0.1799 0.8603
			0.0399 -0.0990 -0.5575
		BoneID 29
			0.9872 -0.1468 -0.0627
			0.1471 0.9891 -0.0000
			0.0621 -0.0092 0.9980
			-0.1897 -0.0000 -0.0251
		BoneID 30
			1.0000 -0.0000 -0.0000
			-0.0000 1.0000 -0.0000
			-0.0000 -0.0000 1.0000
			0.1397 -0.0016 0.1976
		BoneID 31
			1.0000 -0.0000 -0.0000
			-0.0000 1.0000 -0.0000
			-0.0000 -0.0000 1.0000
			-0.1878 0.0087 0.2360
		BoneID 32
			1.0000 -0.0000 -0.0000
			-0.0000 1.0000 -0.0000
			-0.0000 -0.0000 1.0000
			0.1797 -0.0000 0.2079
		BoneID 33
			0.5106 0.2162 0.8322
			0.4109 0.7888 -0.4571
			-0.7553 0.5753 0.3139
			-0.0239 0.1443 -0.4226
		BoneID 34
			0.6257 -0.1632 0.7628
			-0.2850 0.8624 0.4184
			-0.7261 -0.4792 0.4931
			-0.0299 -0.1395 -0.4273
		BoneID 35
			0.9207 0.3479 -0.1769
			-0.3199 0.9323 0.1686
			0.2236 -0.0986 0.9697
			0.0502 0.0000 0.0790
		BoneID 36
			0.8589 0.0182 0.5118
			0.0240 0.9968 -0.0758
			-0.5115 0.0774 0.8558
			-0.2329 -0.0054 -0.1710
		BoneID 37
			0.9358 -0.0238 0.3516
			-0.0164 0.9937 0.1107
			-0.3520 -0.1094 0.9296
			-0.2341 -0.0065 -0.1691
		BoneID 38
			0.9924 -0.1056 -0.0627
			0.1058 0.9944 -0.0000
			0.0624 -0.0066 0.9980
			-0.2239 0.0000 -0.1485
		BoneID 39
			1.0000 -0.0000 -0.0000
			-0.0000 1.0000 -0.0000
			-0.0000 -0.0000 1.0000
			0.0000 0.0000 0.0000
		BoneID 40
			0.9508 -0.3083 -0.0299
			0.2631 0.7529 0.6032
			-0.1635 -0.5814 0.7970
			0.0902 0.0882 -0.4272
		BoneID 41
			0.9942 -0.0346 0.1022
			0.0650 0.9481 -0.3114
			-0.0861 0.3162 0.9448
			0.0651 -0.0893 -0.4217
		BoneID 42
			0.9089 -0.0653 -0.4118
			0.1240 0.9853 0.1173
			0.3980 -0.1577 0.9037
			-0.1585 -0.0000 -0.0435
		BoneID 43
			1.0000 0.0000 -0.0000
			0.0000 1.0000 -0.0000
			-0.0000 -0.0000 1.0000
			0.0699 0.0000 -0.0085
		BoneID 44
			0.9191 -0.0408 -0.3919
			0.0745 0.9947 0.0711
			0.3869 -0.0946 0.9173
			0.0392 0.0259 -0.3609
		BoneID 45
			0.9567 -0.1242 0.2632
			0.1270 0.9919 0.0065
			-0.2619 0.0272 0.9647
			0.0339 -0.0120 -0.3609
		BoneID 46
			0.9979 0.0149 -0.0627
			-0.0150 0.9999 0.0000
			0.0627 0.0009 0.9980
			-0.1760 -0.0000 -0.2171
		BoneID 47
			1.0000 0.0000 -0.0000
			0.0000 1.0000 -0.0000
			-0.0000 -0.0000 1.0000
			0.1281 0.0000 -0.0461
		BoneID 48
			1.0000 0.0000 -0.0000
			0.0000 1.0000 -0.0000
			-0.0000 -0.0000 1.0000
			0.0000 0.0000 0.0000
		BoneID 49
			0.9900 0.1002 0.0989
			-0.1163 0.9780 0.1735
			-0.0793 -0.1832 0.9799
			0.1555 -0.0270 -0.2158
		BoneID 50
			0.9999 -0.0119 -0.0023
			0.0116 0.9955 -0.0943
			0.0034 0.0942 0.9955
			0.0803 0.0111 -0.2557
		BoneID 51
			0.9921 0.0791 -0.0971
			-0.1164 0.8689 -0.4811
			0.0463 0.4886 0.8713
			-0.0828 0.0247 -0.2599
		BoneID 52
			0.9771 -0.1717 -0.1254
			0.1213 0.9346 -0.3345
			0.1747 0.3116 0.9340
			0.0031 0.0146 -0.2689
		BoneID 53
			0.6442 -0.2694 0.7158
			0.4835 0.8686 -0.1082
			-0.5926 0.4158 0.6898
			0.1121 -0.1158 -0.1510
		BoneID 54
			0.9705 0.0499 -0.2360
			-0.1095 0.9629 -0.2467
			0.2150 0.2653 0.9399
			0.1747 0.0054 -0.2168
		BoneID 55
			0.9761 0.1386 -0.1675
			-0.1208 0.9863 0.1124
			0.1808 -0.0895 0.9795
			0.1048 -0.0128 -0.2549
		BoneID 56
			0.9920 -0.1200 -0.0399
			0.1200 0.7933 0.5968
			-0.0399 -0.5968 0.8014
			-0.0590 -0.0128 -0.2657
		BoneID 57
			0.9973 0.0462 -0.0572
			-0.0195 0.9165 0.3995
			0.0709 -0.3973 0.9149
			0.0287 -0.0228 -0.2674
		BoneID 58
			0.6959 0.4273 0.5772
			-0.4929 0.8687 -0.0487
			-0.5222 -0.2506 0.8152
			0.1427 0.1072 -0.1522
		BoneID 59
			0.9961 -0.0705 0.0526
			0.0651 0.9932 0.0969
			-0.0590 -0.0931 0.9939
			-0.1166 0.0000 -0.1621
		BoneID 60
			0.9488 -0.0215 -0.3150
			0.0318 0.9991 0.0275
			0.3142 -0.0361 0.9487
			0.0768 0.0000 -0.0711
		BoneID 61
			0.9776 0.2041 -0.0523
			-0.2044 0.9789 0.0000
			0.0512 0.0107 0.9986
			-0.2079 -0.0000 -0.2788
		BoneID 62
			1.0000 -0.0000 0.0000
			-0.0000 1.0000 0.0000
			0.0000 0.0000 1.0000
			0.0905 0.0761 -0.2305
		BoneID 63
			1.0000 -0.0000 0.0000
			-0.0000 1.0000 -0.0000
			0.0000 -0.0000 1.0000
			0.0470 -0.0796 -0.2298
		BoneID 64
			1.0000 -0.0000 0.0000
			-0.0000 1.0000 -0.0000
			0.0000 -0.0000 1.0000
			0.1428 -0.0796 -0.2298
		BoneID 65
			1.0000 -0.0000 0.0000
			-0.0000 1.0000 0.0000
			0.0000 0.0000 1.0000
			0.0905 0.0761 -0.2305
		BoneID 66
			1.0000 -0.0000 0.0000
			-0.0000 1.0000 0.0000
			0.0000 0.0000 1.0000
			0.0905 0.0761 -0.2305
		BoneID 67
			1.0000 -0.0000 0.0000
			-0.0000 1.0000 -0.0000
			0.0000 -0.0000 1.0000
			0.0595 -0.0796 -0.2298
		BoneID 68
			1.0000 -0.0000 0.0000
			-0.0000 1.0000 0.0000
			0.0000 0.0000 1.0000
			0.0905 0.0761 -0.2305
		BoneID 69
			0.9965 -0.0644 0.0537
			0.0651 0.9978 -0.0119
			-0.0528 0.0154 0.9985
			-0.0376 0.0000 -0.2569
		BoneID 70
			0.9373 -0.0381 0.3465
			0.0318 0.9992 0.0241
			-0.3472 -0.0115 0.9377
			0.1047 0.0000 -0.2371
		BoneID 71
			0.9817 0.1831 -0.0523
			-0.1834 0.9830 0.0000
			0.0514 0.0096 0.9986
			-0.2559 0.0000 -0.1805
		BoneID 72
			1.0000 -0.0000 0.0000
			-0.0000 1.0000 0.0000
			0.0000 0.0000 1.0000
			0.0000 0.0000 0.0000
		BoneID 73
			0.9954 0.0724 -0.0627
			-0.0725 0.9974 0.0000
			0.0626 0.0045 0.9980
			-0.2948 0.0000 -0.0914
	Frame 3 576
		BoneID 0
			1.0000 0.0000 0.0000
			-0.0000 1.0000 0.0000
			-0.0000 -0.0000 1.0000
			-0.0710 0.0492 1.1795
		BoneID 1
			1.0000 0.0000 0.0000
			0.0000 1.0000 0.0000
			0.0000 0.0000 1.0000
			-0.0772 0.0000 2.9535
		BoneID 2
			1.0000 0.0000 0.0000
			0.0000 1.0000 0.0000
			0.0000 0.0000 1.0000
			0.0000 0.0000 0.0000
		BoneID 3
			1.0000 0.0000 0.0000
			0.0000 1.0000 0.0000
			0.0000 0.0000 1.0000
			-0.0567 0.0000 2.3485
		BoneID 4
			1.0000 0.0000 0.0000
			0.0000 1.0000 0.0000
			0.0000 0.0000 1.0000
			0.0000 0.0000 0.0000
		BoneID 5
			1.0000 0.0000 0.0000
			0.0000 1.0000 0.0000
			0.0000 0.0000 1.0000
			0.0000 0.0000 0.0000
		BoneID 6
			1.0000 0.0000 0.0000
			0.0000 1.0000 0.0000
			0.0000 0.0000 1.0000
			0.0000 0.0000 0.0000
		BoneID 7
			1.0000 0.0000 0.0000
			0.0000 1.0000 0.0000
			0.0000 0.0000 1.0000
			0.0000 0.0000 0.0000
		BoneID 8
			1.0000 0.0000 0.0000
			0.0000 1.0000 0.0000
			0.0000 0.0000 1.0000
			-0.5122 0.1857 0.0000
		BoneID 9
			1.0000 0.0000 0.0000
			0.0000 1.0000 0.0000
			0.0000 0.0000 1.0000
			-0.5001 -0.2541 0.0000
		BoneID 10
			1.0000 0.0000 0.0000
			0.0000 1.0000 0.0000
			0.0000 0.0000 1.0000
			-0.1280 -0.2145 0.0000
		BoneID 11
			1.0000 0.0000 0.0000
			0.0000 1.0000 0.0000
			0.0000 0.0000 1.0000
			-0.0830 0.2058 0.0000
		BoneID 12
			1.0000 0.0000 0.0000
			0.0000 1.0000 0.0000
			0.0000 0.0000 1.0000
			-0.8506 -0.2541 0.0000
		BoneID 13
			1.0000 0.0000 0.0000
			0.0000 1.0000 0.0000
			0.0000 0.0000 1.0000
			-0.7396 0.3031 0.0000
		BoneID 14
			1.0000 0.0000 0.0000
			0.0000 1.0000 0.0000
			0.0000 0.0000 1.0000
			0.0000 0.0000 0.0000
		BoneID 15
			1.0000 0.0000 0.0000
			0.0000 1.0000 0.0000
			0.0000 0.0000 1.0000
			0.0000 0.0000 0.0000
		BoneID 16
			1.0000 0.0000 0.0000
			0.0000 1.0000 0.0000
			0.0000 0.0000 1.0000
			0.0000 0.0000 0.0000
		BoneID 17
			0.8057 -0.3792 -0.4550
			0.4258 0.9048 -0.0000
			0.4117 -0.1937 0.8905
			-0.0308 -0.0000 -0.0303
		BoneID 18
			0.9897 0.1137 0.0871
			-0.1141 0.9935 -0.0005
			-0.0866 -0.0095 0.9962
			-0.0228 -0.0000 -0.0605
		BoneID 19
			0.8937 -0.2675 -0.3602
			0.2868 0.9580 -0.0000
			0.3450 -0.1033 0.9329
			-0.0370 -0.0000 0.2163
		BoneID 20
			0.8946 -0.1327 0.4267
			0.0201 0.9659 0.2581
			-0.4464 -0.2223 0.8668
			0.0119 0.1246 -0.0542
		BoneID 21
			0.9529 0.0540 -0.2984
			-0.1161 0.9740 -0.1947
			0.2801 0.2201 0.9344
			0.0138 -0.1242 -0.0545
		BoneID 22
			0.9884 -0.1382 -0.0627
			0.1384 0.9904 -0.0000
			0.0621 -0.0087 0.9980
			-0.2026 0.0000 -0.0534
		BoneID 23
			1.0000 -0.0000 0.0000
			-0.0000 1.0000 -0.0000
			0.0000 -0.0000 1.0000
			-0.0000 0.0034 -0.0034
		BoneID 24
			0.8566 0.2984 0.4209
			-0.5067 0.6402 0.5773
			-0.0972 -0.7078 0.6997
			-0.0273 0.2778 0.3298
		BoneID 25
			0.5364 -0.5413 0.6475
			0.6731 0.7372 0.0587
			-0.5091 0.4043 0.7598
			-0.0273 -0.2778 0.3298
		BoneID 26
			0.6061 0.0000 0.7954
			-0.0000 1.0000 -0.0000
			-0.7954 0.0000 0.6061
			-0.0538 0.0000 0.4927
		BoneID 27
			0.6176 -0.0805 -0.7823
			-0.1998 0.9460 -0.2551
			0.7607 0.3139 0.5682
			0.0354 0.0968 -0.5558
		BoneID 28
			0.8204 0.0140 -0.5715
			0.1119 0.9764 0.1846
			0.5607 -0.2155 0.7995
			0.0399 -0.0990 -0.5575
		BoneID 29
			0.9865 -0.1512 -0.0627
			0.1515 0.9885 -0.0000
			0.0620 -0.0095 0.9980
			-0.1897 -0.0000 -0.0251
		BoneID 30
			1.0000 -0.0000 0.0000
			-0.0000 1.0000 -0.0000
			0.0000 -0.0000 1.0000
			0.1397 -0.0016 0.1976
		BoneID 31
			1.0000 -0.0000 0.0000
			-0.0000 1.0000 -0.0000
			0.0000 -0.0000 1.0000
			-0.1878 0.0087 0.2360
		BoneID 32
			1.0000 -0.0000 0.0000
			-0.0000 1.0000 -0.0000
			0.0000 -0.0000 1.0000
			0.1797 0.0000 0.2079
		BoneID 33
			0.5057 0.2207 0.8340
			0.4136 0.7863 -0.4589
			-0.7571 0.5770 0.3064
			-0.0239 0.1443 -0.4226
		BoneID 34
			0.6738 -0.1235 0.7285
			-0.2628 0.8814 0.3925
			-0.6906 -0.4560 0.5614
			-0.0299 -0.1395 -0.4273
		BoneID 35
			0.8653 0.4047 -0.2959
			-0.3335 0.9054 0.2628
			0.3742 -0.1287 0.9184
			0.0502 -0.0000 0.0790
		BoneID 36
			0.7510 0.0522 0.6583
			0.0223 0.9943 -0.1043
			-0.6600 0.0930 0.7455
			-0.2329 -0.0054 -0.1710
		BoneID 37
			0.9077 -0.0394 0.4177
			-0.0182 0.9909 0.1331
			-0.4191 -0.1284 0.8988
			-0.2341 -0.0065 -0.1691
		BoneID 38
			0.9851 -0.1599 -0.0627
			0.1602 0.9871 -0.0000
			0.0619 -0.0100 0.9980
			-0.2239 -0.0000 -0.1485
		BoneID 39
			1.0000 -0.0000 0.0000
			-0.0000 1.0000 -0.0000
			0.0000 -0.0000 1.0000
			0.0000 0.0000 0.0000
		BoneID 40
			0.9445 -0.3189 -0.0785
			0.2622 0.5883 0.7650
			-0.1978 -0.7431 0.6393
			0.0902 0.0882 -0.4272
		BoneID 41
			0.9532 -0.2420 0.1813
			0.2877 0.9104 -0.2973
			-0.0931 0.3355 0.9374
			0.0651 -0.0893 -0.4217
		BoneID 42
			0.8962 -0.1073 -0.4305
			0.1749 0.9772 0.1206
			0.4078 -0.1834 0.8945
			-0.1585 0.0000 -0.0435
		BoneID 43
			1.0000 0.0000 0.0000
			0.0000 1.0000 0.0000
			0.0000 0.0000 1.0000
			0.0699 0.0000 -0.0085
		BoneID 44
			0.9137 -0.1635 -0.3720
			0.2146 0.9716 0.1002
			0.3450 -0.1713 0.9228
			0.0392 0.0259 -0.3609
		BoneID 45
			0.9188 -0.1331 0.3717
			0.1451 0.9894 -0.0045
			-0.3672 0.0581 0.9283
			0.0339 -0.0120 -0.3609
		BoneID 46
			0.9964 -0.0567 -0.0627
			0.0569 0.9984 0.0000
			0.0626 -0.0036 0.9980
			-0.1760 0.0000 -0.2171
		BoneID 47
			1.0000 0.0000 0.0000
			0.0000 1.0000 0.0000
			0.0000 0.0000 1.0000
			0.1281 0.0000 -0.0461
		BoneID 48
			1.0000 0.0000 0.0000
			0.0000 1.0000 0.0000
			0.0000 0.0000 1.0000
			0.0000 0.0000 0.0000
		BoneID 49
			0.9857 0.1124 0.1258
			-0.1344 0.9739 0.1830
			-0.1019 -0.1972 0.9750
			0.1555 -0.0270 -0.2158
		BoneID 50
			1.0000 -0.0011 0.0008
			0.0012 0.9977 -0.0677
			-0.0007 0.0677 0.9977
			0.0803 0.0111 -0.2557
		BoneID 51
			0.9868 0.0505 -0.1539
			-0.1234 0.8499 -0.5123
			0.1049 0.5246 0.8449
			-0.0828 0.0247 -0.2599
		BoneID 52
			0.9773 -0.1720 -0.1240
			0.1211 0.9327 -0.3396
			0.1740 0.3169 0.9324
			0.0031 0.0146 -0.2689
		BoneID 53
			0.6372 -0.2492 0.7293
			0.4866 0.8639 -0.1300
			-0.5977 0.4377 0.6717
			0.1121 -0.1158 -0.1510
		BoneID 54
			0.9705 0.0499 -0.2360
			-0.1095 0.9629 -0.2467
			0.2150 0.2653 0.9399
			0.1747 0.0054 -0.2168
		BoneID 55
			0.9761 0.1386 -0.1675
			-0.1208 0.9863 0.1124
			0.1808 -0.0895 0.9795
			0.1048 -0.0128 -0.2549
		BoneID 56
			0.9920 -0.1200 -0.0399
			0.1200 0.7933 0.5968
			-0.0399 -0.5968 0.8014
			-0.0590 -0.0128 -0.2657
		BoneID 57
			0.9973 0.0462 -0.0572
			-0.0195 0.9165 0.3995
			0.0709 -0.3973 0.9149
			0.0287 -0.0228 -0.2674
		BoneID 58
			0.6959 0.4273 0.5772
			-0.4929 0.8687 -0.0487
			-0.5222 -0.2506 0.8152
			0.1427 0.1072 -0.1522
		BoneID 59
			0.9933 -0.1111 0.0326
			0.1057 0.9851 0.1355
			-0.0471 -0.1311 0.9902
			-0.1166 -0.0000 -0.1621
		BoneID 60
			0.9507 -0.0316 -0.3085
			0.0519 0.9970 0.0579
			0.3058 -0.0710 0.9495
			0.0768 0.0000 -0.0711
		BoneID 61
			0.9933 0.1029 -0.0523
			-0.1031 0.9947 0.0000
			0.0521 0.0054 0.9986
			-0.2079 -0.0000 -0.2788
		BoneID 62
			1.0000 0.0000 0.0000
			0.0000 1.0000 -0.0000
			0.0000 -0.0000 1.0000
			0.0905 0.0761 -0.2305
		BoneID 63
			1.0000 -0.0000 0.0000
			-0.0000 1.0000 0.0000
			0.0000 0.0000 1.0000
			0.0470 -0.0796 -0.2298
		BoneID 64
			1.0000 -0.0000 0.0000
			-0.0000 1.0000 0.0000
			0.0000 0.0000 1.0000
			0.1428 -0.0796 -0.2298
		BoneID 65
			1.0000 0.0000 0.0000
			0.0000 1.0000 -0.0000
			0.0000 -0.0000 1.0000
			0.0905 0.0761 -0.2305
		BoneID 66
			1.0000 0.0000 0.0000
			0.0000 1.0000 -0.0000
			0.0000 -0.0000 1.0000
			0.0905 0.0761 -0.2305
		BoneID 67
			1.0000 -0.0000 0.0000
			-0.0000 1.0000 0.0000
			0.0000 0.0000 1.0000
			0.0595 -0.0796 -0.2298
		BoneID 68
			1.0000 0.0000 0.0000
			0.0000 1.0000 -0.0000
			0.0000 -0.0000 1.0000
			0.0905 0.0761 -0.2305
		BoneID 69
			0.9936 -0.1067 0.0383
			0.1057 0.9940 0.0273
			-0.0410 -0.0231 0.9989
			-0.0376 0.0000 -0.2569
		BoneID 70
			0.9435 -0.0656 0.3248
			0.0519 0.9974 0.0506
			-0.3273 -0.0309 0.9444
			0.1047 -0.0000 -0.2371
		BoneID 71
			0.9943 0.0927 -0.0523
			-0.0928 0.9957 0.0000
			0.0521 0.0049 0.9986
			-0.2559 -0.0000 -0.1805
		BoneID 72
			1.0000 0.0000 0.0000
			0.0000 1.0000 -0.0000
			0.0000 -0.0000 1.0000
			0.0000 0.0000 0.0000
		BoneID 73
			0.9980 0.0019 -0.0627
			-0.0019 1.0000 0.0001
			0.0627 0.0001 0.9980
			-0.2948 0.0000 -0.0914
	Frame 4 768
		BoneID 0
			1.0000 0.0000 0.0000
			-0.0000 1.0000 0.0000
			-0.0000 -0.0000 1.0000
			-0.0201 0.0492 1.1313
		BoneID 1
			1.0000 0.0000 0.0000
			0.0000 1.0000 0.0000
			0.0000 0.0000 1.0000
			-0.0772 0.0000 2.9535
		BoneID 2
			1.0000 0.0000 0.0000
			0.0000 1.0000 0.0000
			0.0000 0.0000 1.0000
			0.0000 0.0000 0.0000
		BoneID 3
			1.0000 0.0000 0.0000
			0.0000 1.0000 0.0000
			0.0000 0.0000 1.0000
			-0.0567 0.0000 2.3485
		BoneID 4
			1.0000 0.0000 0.0000
			0.0000 1.0000 0.0000
			0.0000 0.0000 1.0000
			0.0000 0.0000 0.0000
		BoneID 5
			1.0000 0.0000 0.0000
			0.0000 1.0000 0.0000
			0.0000 0.0000 1.0000
			0.0000 0.0000 0.0000
		BoneID 6
			1.0000 0.0000 0.0000
			0.0000 1.0000 0.0000
			0.0000 0.0000 1.0000
			0.0000 0.0000 0.0000
		BoneID 7
			1.0000 0.0000 0.0000
			0.0000 1.0000 0.0000
			0.0000 0.0000 1.0000
			0.0000 0.0000 0.0000
		BoneID 8
			1.0000 0.0000 0.0000
			0.0000 1.0000 0.0000
			0.0000 0.0000 1.0000
			-0.5122 0.1857 0.0000
		BoneID 9
			1.0000 0.0000 0.0000
			0.0000 1.0000 0.0000
			0.0000 0.0000 1.0000
			-0.5001 -0.2541 0.0000
		BoneID 10
			1.0000 0.0000 0.0000
			0.0000 1.0000 0.0000
			0.0000 0.0000 1.0000
			-0.1280 -0.2145 0.0000
		BoneID 11
			1.0000 0.0000 0.0000
			0.0000 1.0000 0.0000
			0.0000 0.0000 1.0000
			-0.0830 0.2058 0.0000
		BoneID 12
			1.0000 0.0000 0.0000
			0.0000 1.0000 0.0000
			0.0000 0.0000 1.0000
			-0.8506 -0.2541 0.0000
		BoneID 13
			1.0000 0.0000 0.0000
			0.0000 1.0000 0.0000
			0.0000 0.0000 1.0000
			-0.7396 0.3031 0.0000
		BoneID 14
			1.0000 0.0000 0.0000
			0.0000 1.0000 0.0000
			0.0000 0.0000 1.0000
			0.0000 0.0000 0.0000
		BoneID 15
			1.0000 0.0000 0.0000
			0.0000 1.0000 0.0000
			0.0000 0.0000 1.0000
			0.0000 0.0000 0.0000
		BoneID 16
			1.0000 0.0000 0.0000
			0.0000 1.0000 0.0000
			0.0000 0.0000 1.0000
			0.0000 0.0000 0.0000
		BoneID 17
			0.7463 -0.4217 -0.5150
			0.4920 0.8706 0.0000
			0.4484 -0.2534 0.8572
			-0.0308 0.0000 -0.0303
		BoneID 18
			0.9809 0.1850 0.0593
			-0.1853 0.9827 -0.0007
			-0.0584 -0.0103 0.9982
			-0.0228 0.0000 -0.0605
		BoneID 19
			0.8567 -0.3200 -0.4044
			0.3499 0.9368 -0.0000
			0.3789 -0.1415 0.9146
			-0.0370 -0.0000 0.2163
		BoneID 20
			0.8849 -0.1432 0.4432
			0.0171 0.9609 0.2763
			-0.4654 -0.2369 0.8528
			0.0119 0.1246 -0.0542
		BoneID 21
			0.9364 0.0361 -0.3489
			-0.0991 0.9814 -0.1645
			0.3365 0.1887 0.9226
			0.0138 -0.1242 -0.0545
		BoneID 22
			0.9890 -0.1341 -0.0627
			0.1343 0.9909 -0.0000
			0.0622 -0.0084 0.9980
			-0.2026 -0.0000 -0.0534
		BoneID 23
			1.0000 -0.0000 0.0000
			-0.0000 1.0000 -0.0000
			0.0000 -0.0000 1.0000
			0.0000 0.0034 -0.0034
		BoneID 24
			0.7879 0.2718 0.5525
			-0.6040 0.5160 0.6074
			-0.1200 -0.8123 0.5707
			-0.0273 0.2778 0.3298
		BoneID 25
			0.3068 -0.5271 0.7925
			0.6193 0.7428 0.2543
			-0.7227 0.4128 0.5543
			-0.0273 -0.2778 0.3298
		BoneID 26
			0.4569 0.0000 0.8895
			0.0000 1.0000 -0.0000
			-0.8895 -0.0000 0.4569
			-0.0538 0.0000 0.4927
		BoneID 27
			0.4757 -0.1450 -0.8676
			-0.2480 0.9242 -0.2905
			0.8439 0.3533 0.4037
			0.0354 0.0968 -0.5558
		BoneID 28
			0.7975 0.0227 -0.6029
			0.1203 0.9733 0.1957
			0.5912 -0.2285 0.7734
			0.0399 -0.0990 -0.5575
		BoneID 29
			0.9860 -0.1547 -0.0627
			0.1550 0.9879 -0.0000
			0.0620 -0.0097 0.9980
			-0.1897 0.0000 -0.0251
		BoneID 30
			1.0000 0.0000 0.0000
			0.0000 1.0000 -0.0000
			0.0000 -0.0000 1.0000
			0.1397 -0.0016 0.1976
		BoneID 31
			1.0000 0.0000 0.0000
			0.0000 1.0000 -0.0000
			0.0000 -0.0000 1.0000
			-0.1878 0.0087 0.2360
		BoneID 32
			1.0000 0.0000 0.0000
			0.0000 1.0000 -0.0000
			0.0000 -0.0000 1.0000
			0.1797 0.0000 0.2079
		BoneID 33
			0.5485 0.1824 0.8160
			0.3897 0.8077 -0.4425
			-0.7398 0.5607 0.3719
			-0.0239 0.1443 -0.4226
		BoneID 34
			0.7605 -0.0569 0.6469
			-0.2199 0.9147 0.3390
			-0.6110 -0.4000 0.6831
			-0.0299 -0.1395 -0.4273
		BoneID 35
			0.7929 0.4751 -0.3815
			-0.3481 0.8671 0.3564
			0.5001 -0.1498 0.8529
			0.0502 0.0000 0.0790
		BoneID 36
			0.6519 0.0853 0.7535
			0.0180 0.9916 -0.1278
			-0.7581 0.0969 0.6449
			-0.2329 -0.0054 -0.1710
		BoneID 37
			0.8956 -0.0463 0.4424
			-0.0188 0.9897 0.1417
			-0.4444 -0.1353 0.8855
			-0.2341 -0.0065 -0.1691
		BoneID 38
			0.9812 -0.1824 -0.0627
			0.1828 0.9831 0.0000
			0.0617 -0.0115 0.9980
			-0.2239 -0.0000 -0.1485
		BoneID 39
			1.0000 0.0000 0.0000
			0.0000 1.0000 -0.0000
			0.0000 -0.0000 1.0000
			0.0000 0.0000 0.0000
		BoneID 40
			0.9384 -0.3267 -0.1127
			0.2445 0.3972 0.8846
			-0.2443 -0.8576 0.4526
			0.0902 0.0882 -0.4272
		BoneID 41
			0.8602 -0.4595 0.2210
			0.5065 0.8202 -0.2660
			-0.0590 0.3407 0.9383
			0.0651 -0.0893 -0.4217
		BoneID 42
			0.8820 -0.1454 -0.4482
			0.2222 0.9672 0.1235
			0.4155 -0.2085 0.8854
			-0.1585 0.0000 -0.0435
		BoneID 43
			1.0000 0.0000 -0.0000
			0.0000 1.0000 -0.0000
			-0.0000 -0.0000 1.0000
			0.0699 0.0000 -0.0085
		BoneID 44
			0.8913 -0.2896 -0.3487
			0.3474 0.9306 0.1150
			0.2912 -0.2237 0.9301
			0.0392 0.0259 -0.3609
		BoneID 45
			0.8718 -0.1556 0.4645
			0.1759 0.9844 -0.0004
			-0.4572 0.0821 0.8856
			0.0339 -0.0120 -0.3609
		BoneID 46
			0.9907 -0.1206 -0.0627
			0.1208 0.9927 0.0000
			0.0623 -0.0076 0.9980
			-0.1760 0.0000 -0.2171
		BoneID 47
			1.0000 0.0000 -0.0000
			0.0000 1.0000 -0.0000
			-0.0000 -0.0000 1.0000
			0.1281 0.0000 -0.0461
		BoneID 48
			1.0000 0.0000 -0.0000
			0.0000 1.0000 -0.0000
			-0.0000 -0.0000 1.0000
			0.0000 0.0000 0.0000
		BoneID 49
			0.9795 0.1257 0.1576
			-0.1555 0.9687 0.1937
			-0.1283 -0.2142 0.9683
			0.1555 -0.0270 -0.2158
		BoneID 50
			0.9999 0.0113 0.0050
			-0.0112 0.9993 -0.0365
			-0.0054 0.0365 0.9993
			0.0803 0.0111 -0.2557
		BoneID 51
			0.9763 0.0111 -0.2163
			-0.1304 0.8274 -0.5463
			0.1729 0.5616 0.8092
			-0.0828 0.0247 -0.2599
		BoneID 52
			0.9774 -0.1723 -0.1224
			0.1209 0.9307 -0.3451
			0.1734 0.3225 0.9305
			0.0031 0.0146 -0.2689
		BoneID 53
			0.6291 -0.2244 0.7442
			0.4899 0.8578 -0.1554
			-0.6036 0.4623 0.6496
			0.1121 -0.1158 -0.1510
		BoneID 54
			0.9705 0.0499 -0.2360
			-0.1095 0.9629 -0.2467
			0.2150 0.2653 0.9399
			0.1747 0.0054 -0.2168
		BoneID 55
			0.9761 0.1386 -0.1675
			-0.1208 0.9863 0.1124
			0.1808 -0.0895 0.9795
			0.1048 -0.0128 -0.2549
		BoneID 56
			0.9920 -0.1200 -0.0399
			0.1200 0.7933 0.5968
			-0.0399 -0.5968 0.8014
			-0.0590 -0.0128 -0.2657
		BoneID 57
			0.9973 0.0462 -0.0572
			-0.0195 0.9165 0.3995
			0.0709 -0.3973 0.9149
			0.0287 -0.0228 -0.2674
		BoneID 58
			0.6959 0.4273 0.5772
			-0.4929 0.8687 -0.0487
			-0.5222 -0.2506 0.8152
			0.1427 0.1072 -0.1522
		BoneID 59
			0.9883 -0.1524 0.0066
			0.1489 0.9732 0.1754
			-0.0332 -0.1724 0.9845
			-0.1166 -0.0000 -0.1621
		BoneID 60
			0.9525 -0.0458 -0.3010
			0.0739 0.9938 0.0829
