ElMaxPlugin
	Version 100
SkeletalAnimList
	NumBones 2
	Frame 0 0
		BoneID 0
			-1.0000 0.0026 -0.0000
			-0.0026 -1.0000 -0.0000
			-0.0000 -0.0000 1.0000
			-5.0728 0.7492 0.0000
		BoneID 1
			0.0111 0.0000 -0.9999
			0.9999 0.0000 0.0111
			0.0000 -1.0000 0.0000
			-0.3465 0.0000 -4.5035
	Frame 1 160
		BoneID 0
			-0.9996 0.0299 -0.0000
			-0.0299 -0.9996 -0.0000
			-0.0000 -0.0000 1.0000
			-5.0728 0.7492 0.0000
		BoneID 1
			0.0111 0.0000 -0.9999
			0.9999 0.0000 0.0111
			0.0000 -1.0000 0.0000
			-0.3465 0.0000 -4.5035
	Frame 2 320
		BoneID 0
			-0.9946 0.1041 -0.0000
			-0.1041 -0.9946 -0.0000
			-0.0000 -0.0000 1.0000
			-5.0728 0.7492 0.0000
		BoneID 1
			0.0111 0.0000 -0.9999
			0.9999 0.0000 0.0111
			0.0000 -1.0000 0.0000
			-0.3465 0.0000 -4.5035
	Frame 3 480
		BoneID 0
			-0.9772 0.2122 -0.0000
			-0.2122 -0.9772 -0.0000
			-0.0000 -0.0000 1.0000
			-5.0728 0.7492 0.0000
		BoneID 1
			0.0111 0.0000 -0.9999
			0.9999 0.0000 0.0111
			0.0000 -1.0000 0.0000
			-0.3465 0.0000 -4.5035
	Frame 4 640
		BoneID 0
			-0.9405 0.3399 -0.0000
			-0.3399 -0.9405 -0.0000
			-0.0000 -0.0000 1.0000
			-5.0728 0.7492 0.0000
		BoneID 1
			0.0111 0.0000 -0.9999
			0.9999 0.0000 0.0111
			0.0000 -1.0000 0.0000
			-0.3465 0.0000 -4.5035
	Frame 5 800
		BoneID 0
			-0.8816 0.4720 -0.0000
			-0.4720 -0.8816 -0.0000
			-0.0000 -0.0000 1.0000
			-5.0728 0.7492 0.0000
		BoneID 1
			0.0111 0.0000 -0.9999
			0.9999 0.0000 0.0111
			0.0000 -1.0000 0.0000
			-0.3465 0.0000 -4.5035
	Frame 6 960
		BoneID 0
			-0.8043 0.5943 -0.0000
			-0.5943 -0.8043 -0.0000
			-0.0000 -0.0000 1.0000
			-5.0728 0.7492 0.0000
		BoneID 1
			0.0111 0.0000 -0.9999
			0.9999 0.0000 0.0111
			0.0000 -1.0000 0.0000
			-0.3465 0.0000 -4.5035
	Frame 7 1120
		BoneID 0
			-0.7184 0.6957 -0.0000
			-0.6957 -0.7184 -0.0000
			-0.0000 -0.0000 1.0000
			-5.0728 0.7492 0.0000
		BoneID 1
			0.0111 0.0000 -0.9999
			0.9999 0.0000 0.0111
			0.0000 -1.0000 0.0000
			-0.3465 0.0000 -4.5035
	Frame 8 1280
		BoneID 0
			-0.6380 0.7700 -0.0000
			-0.7700 -0.6380 -0.0000
			-0.0000 -0.0000 1.0000
			-5.0728 0.7492 0.0000
		BoneID 1
			0.0111 0.0000 -0.9999
			0.9999 0.0000 0.0111
			0.0000 -1.0000 0.0000
			-0.3465 0.0000 -4.5035
	Frame 9 1440
		BoneID 0
			-0.5791 0.8153 -0.0000
			-0.8153 -0.5791 -0.0000
			-0.0000 -0.0000 1.0000
			-5.0728 0.7492 0.0000
		BoneID 1
			0.0111 0.0000 -0.9999
			0.9999 0.0000 0.0111
			0.0000 -1.0000 0.0000
			-0.3465 0.0000 -4.5035
	Frame 10 1600
		BoneID 0
			-0.5565 0.8308 -0.0000
			-0.8308 -0.5565 -0.0000
			-0.0000 -0.0000 1.0000
			-5.0728 0.7492 0.0000
		BoneID 1
			0.0111 0.0000 -0.9999
			0.9999 0.0000 0.0111
			0.0000 -1.0000 0.0000
			-0.3465 0.0000 -4.5035
	Frame 11 1760
		BoneID 0
			-0.5715 0.8206 -0.0000
			-0.8206 -0.5715 -0.0000
			-0.0000 -0.0000 1.0000
			-5.0728 0.7492 0.0000
		BoneID 1
			0.0111 0.0000 -0.9999
			0.9999 0.0000 0.0111
			0.0000 -1.0000 0.0000
			-0.3465 0.0000 -4.5035
	Frame 12 1920
		BoneID 0
			-0.6124 0.7906 -0.0000
			-0.7906 -0.6124 -0.0000
			-0.0000 -0.0000 1.0000
			-5.0728 0.7492 0.0000
		BoneID 1
			0.0111 0.0000 -0.9999
			0.9999 0.0000 0.0111
			0.0000 -1.0000 0.0000
			-0.3465 0.0000 -4.5035
	Frame 13 2080
		BoneID 0
			-0.6719 0.7407 -0.0000
			-0.7407 -0.6719 -0.0000
			-0.0000 -0.0000 1.0000
			-5.0728 0.7492 0.0000
		BoneID 1
			0.0111 0.0000 -0.9999
			0.9999 0.0000 0.0111
			0.0000 -1.0000 0.0000
			-0.3465 0.0000 -4.5035
	Frame 14 2240
		BoneID 0
			-0.7419 0.6705 -0.0000
			-0.6705 -0.7419 -0.0000
			-0.0000 -0.0000 1.0000
			-5.0728 0.7492 0.0000
		BoneID 1
			0.0111 0.0000 -0.9999
			0.9999 0.0000 0.0111
			0.0000 -1.0000 0.0000
			-0.3465 0.0000 -4.5035
	Frame 15 2400
		BoneID 0
			-0.8139 0.5810 -0.0000
			-0.5810 -0.8139 -0.0000
			-0.0000 -0.0000 1.0000
			-5.0728 0.7492 0.0000
		BoneID 1
			0.0111 0.0000 -0.9999
			0.9999 0.0000 0.0111
			0.0000 -1.0000 0.0000
			-0.3465 0.0000 -4.5035
	Frame 16 2560
		BoneID 0
			-0.8801 0.4748 -0.0000
			-0.4748 -0.8801 -0.0000
			-0.0000 -0.0000 1.0000
			-5.0728 0.7492 0.0000
		BoneID 1
			0.0111 0.0000 -0.9999
			0.9999 0.0000 0.0111
			0.0000 -1.0000 0.0000
			-0.3465 0.0000 -4.5035
	Frame 17 2720
		BoneID 0
			-0.9342 0.3567 -0.0000
			-0.3567 -0.9342 -0.0000
			-0.0000 -0.0000 1.0000
			-5.0728 0.7492 0.0000
		BoneID 1
			0.0111 0.0000 -0.9999
			0.9999 0.0000 0.0111
			0.0000 -1.0000 0.0000
			-0.3465 0.0000 -4.5035
	Frame 18 2880
		BoneID 0
			-0.9723 0.2335 -0.0000
			-0.2335 -0.9723 -0.0000
			-0.0000 -0.0000 1.0000
			-5.0728 0.7492 0.0000
		BoneID 1
			0.0111 0.0000 -0.9999
			0.9999 0.0000 0.0111
			0.0000 -1.0000 0.0000
			-0.3465 0.0000 -4.5035
	Frame 19 3040
		BoneID 0
			-0.9936 0.1129 -0.0000
			-0.1129 -0.9936 -0.0000
			-0.0000 -0.0000 1.0000
			-5.0728 0.7492 0.0000
		BoneID 1
			0.0111 0.0000 -0.9999
			0.9999 0.0000 0.0111
			0.0000 -1.0000 0.0000
			-0.3465 0.0000 -4.5035
	Frame 20 3200
		BoneID 0
			-1.0000 0.0026 -0.0000
			-0.0026 -1.0000 -0.0000
			-0.0000 -0.0000 1.0000
			-5.0728 0.7492 0.0000
		BoneID 1
			0.0111 0.0000 -0.9999
			0.9999 0.0000 0.0111
			0.0000 -1.0000 0.0000
			-0.3465 0.0000 -4.5035
	Frame 21 3360
		BoneID 0
			-0.9939 -0.1105 -0.0000
			0.1105 -0.9939 -0.0000
			0.0000 -0.0000 1.0000
			-5.0728 0.7492 0.0000
		BoneID 1
			0.0111 0.0000 -0.9999
			0.9999 0.0000 0.0111
			0.0000 -1.0000 0.0000
			-0.3465 0.0000 -4.5035
	Frame 22 3520
		BoneID 0
			-0.9712 -0.2384 -0.0000
			0.2384 -0.9712 -0.0000
			0.0000 -0.0000 1.0000
			-5.0728 0.7492 0.0000
		BoneID 1
			0.0111 0.0000 -0.9999
			0.9999 0.0000 0.0111
			0.0000 -1.0000 0.0000
			-0.3465 0.0000 -4.5035
	Frame 23 3680
		BoneID 0
			-0.9284 -0.3715 -0.0000
			0.3715 -0.9284 -0.0000
			0.0000 -0.0000 1.0000
			-5.0728 0.7492 0.0000
		BoneID 1
			0.0111 0.0000 -0.9999
			0.9999 0.0000 0.0111
			0.0000 -1.0000 0.0000
			-0.3465 0.0000 -4.5035
	Frame 24 3840
		BoneID 0
			-0.8659 -0.5002 -0.0000
			0.5002 -0.8659 -0.0000
			0.0000 -0.0000 1.0000
			-5.0728 0.7492 0.0000
		BoneID 1
			0.0111 0.0000 -0.9999
			0.9999 0.0000 0.0111
			0.0000 -1.0000 0.0000
			-0.3465 0.0000 -4.5035
	Frame 25 4000
		BoneID 0
			-0.7878 -0.6159 -0.0000
			0.6159 -0.7878 -0.0000
			0.0000 -0.0000 1.0000
			-5.0728 0.7492 0.0000
		BoneID 1
			0.0111 0.0000 -0.9999
			0.9999 0.0000 0.0111
			0.0000 -1.0000 0.0000
			-0.3465 0.0000 -4.5035
	Frame 26 4160
		BoneID 0
			-0.7018 -0.7124 -0.0000
			0.7124 -0.7018 -0.0000
			0.0000 -0.0000 1.0000
			-5.0728 0.7492 0.0000
		BoneID 1
			0.0111 0.0000 -0.9999
			0.9999 0.0000 0.0111
			0.0000 -1.0000 0.0000
			-0.3465 0.0000 -4.5035
	Frame 27 4320
		BoneID 0
			-0.6174 -0.7866 -0.0000
			0.7866 -0.6174 -0.0000
			0.0000 -0.0000 1.0000
			-5.0728 0.7492 0.0000
		BoneID 1
			0.0111 0.0000 -0.9999
			0.9999 0.0000 0.0111
			0.0000 -1.0000 0.0000
			-0.3465 0.0000 -4.5035
	Frame 28 4480
		BoneID 0
			-0.5454 -0.8382 -0.0000
			0.8382 -0.5454 -0.0000
			0.0000 -0.0000 1.0000
			-5.0728 0.7492 0.0000
		BoneID 1
			0.0111 0.0000 -0.9999
			0.9999 0.0000 0.0111
			0.0000 -1.0000 0.0000
			-0.3465 0.0000 -4.5035
	Frame 29 4640
		BoneID 0
			-0.4958 -0.8684 -0.0000
			0.8684 -0.4958 -0.0000
			0.0000 -0.0000 1.0000
			-5.0728 0.7492 0.0000
		BoneID 1
			0.0111 0.0000 -0.9999
			0.9999 0.0000 0.0111
			0.0000 -1.0000 0.0000
			-0.3465 0.0000 -4.5035
	Frame 30 4800
		BoneID 0
			-0.4776 -0.8786 -0.0000
			0.8786 -0.4776 -0.0000
			0.0000 -0.0000 1.0000
			-5.0728 0.7492 0.0000
		BoneID 1
			0.0111 0.0000 -0.9999
			0.9999 0.0000 0.0111
			0.0000 -1.0000 0.0000
			-0.3465 0.0000 -4.5035
	Frame 31 4960
		BoneID 0
			-0.5038 -0.8638 -0.0000
			0.8638 -0.5038 -0.0000
			0.0000 -0.0000 1.0000
			-5.0728 0.7492 0.0000
		BoneID 1
			0.0111 0.0000 -0.9999
			0.9999 0.0000 0.0111
			0.0000 -1.0000 0.0000
			-0.3465 0.0000 -4.5035
	Frame 32 5120
		BoneID 0
			-0.5726 -0.8198 -0.0000
			0.8198 -0.5726 -0.0000
			0.0000 -0.0000 1.0000
			-5.0728 0.7492 0.0000
		BoneID 1
			0.0111 0.0000 -0.9999
			0.9999 0.0000 0.0111
			0.0000 -1.0000 0.0000
			-0.3465 0.0000 -4.5035
	Frame 33 5280
		BoneID 0
			-0.6670 -0.7451 -0.0000
			0.7451 -0.6670 -0.0000
			0.0000 -0.0000 1.0000
			-5.0728 0.7492 0.0000
		BoneID 1
			0.0111 0.0000 -0.9999
			0.9999 0.0000 0.0111
			0.0000 -1.0000 0.0000
			-0.3465 0.0000 -4.5035
	Frame 34 5440
		BoneID 0
			-0.7685 -0.6399 -0.0000
			0.6399 -0.7685 -0.0000
			0.0000 -0.0000 1.0000
			-5.0728 0.7492 0.0000
		BoneID 1
			0.0111 0.0000 -0.9999
			0.9999 0.0000 0.0111
			0.0000 -1.0000 0.0000
			-0.3465 0.0000 -4.5035
	Frame 35 5600
		BoneID 0
			-0.8602 -0.5100 -0.0000
			0.5100 -0.8602 -0.0000
			0.0000 -0.0000 1.0000
			-5.0728 0.7492 0.0000
		BoneID 1
			0.0111 0.0000 -0.9999
			0.9999 0.0000 0.0111
			0.0000 -1.0000 0.0000
			-0.3465 0.0000 -4.5035
	Frame 36 5760
		BoneID 0
			-0.9301 -0.3672 -0.0000
			0.3672 -0.9301 -0.0000
			0.0000 -0.0000 1.0000
			-5.0728 0.7492 0.0000
		BoneID 1
			0.0111 0.0000 -0.9999
			0.9999 0.0000 0.0111
			0.0000 -1.0000 0.0000
			-0.3465 0.0000 -4.5035
	Frame 37 5920
		BoneID 0
			-0.9737 -0.2277 -0.0000
			0.2277 -0.9737 -0.0000
			0.0000 -0.0000 1.0000
			-5.0728 0.7492 0.0000
		BoneID 1
			0.0111 0.0000 -0.9999
			0.9999 0.0000 0.0111
			0.0000 -1.0000 0.0000
			-0.3465 0.0000 -4.5035
	Frame 38 6080
		BoneID 0
			-0.9940 -0.1091 -0.0000
			0.1091 -0.9940 -0.0000
			0.0000 -0.0000 1.0000
			-5.0728 0.7492 0.0000
		BoneID 1
			0.0111 0.0000 -0.9999
			0.9999 0.0000 0.0111
			0.0000 -1.0000 0.0000
			-0.3465 0.0000 -4.5035
	Frame 39 6240
		BoneID 0
			-0.9996 -0.0275 -0.0000
			0.0275 -0.9996 -0.0000
			0.0000 -0.0000 1.0000
			-5.0728 0.7492 0.0000
		BoneID 1
			0.0111 0.0000 -0.9999
			0.9999 0.0000 0.0111
			0.0000 -1.0000 0.0000
			-0.3465 0.0000 -4.5035
	Frame 40 6400
		BoneID 0
			-1.0000 0.0026 -0.0000
			-0.0026 -1.0000 -0.0000
			-0.0000 -0.0000 1.0000
			-5.0728 0.7492 0.0000
		BoneID 1
			0.0111 0.0000 -0.9999
			0.9999 0.0000 0.0111
			0.0000 -1.0000 0.0000
			-0.3465 0.0000 -4.5035
